33,5
33,4
33,1
33,128
33,3
33,0
0,9
0,310
0,305
0,308
0,304
0,303
0,302
0,307
0,12
0,10
0,8
0,0
0,336
0,300
0,299
0,439
0,298
0,378
0,297
0,376
0,296
0,364
0,295
0,391
0,294
0,396
0,293
0,335
0,292
0,386
0,291
0,385
0,290
0,339
0,289
0,422
0,288
0,384
0,287
0,286
0,361
0,285
0,325
0,284
0,283
0,320
0,282
0,394
0,281
0,319
0,280
0,373
0,279
0,357
0,278
0,379
0,277
0,423
0,276
0,275
0,356
0,274
0,406
0,273
0,445
0,272
0,337
0,271
0,404
0,270
0,269
0,268
0,371
0,267
0,318
0,266
0,438
0,265
0,374
0,264
0,403
0,263
0,352
0,262
0,390
0,261
0,353
0,260
0,355
0,259
0,395
0,258
0,351
0,257
0,343
0,256
0,443
0,255
0,306
0,254
0,416
0,253
0,387
0,252
0,421
0,251
0,367
0,250
0,323
0,249
0,362
0,248
0,317
0,247
0,417
0,246
0,407
0,245
0,431
0,244
0,414
0,242
0,399
0,241
0,350
0,240
0,324
0,239
0,349
0,238
0,441
0,237
0,236
0,429
0,235
0,366
0,234
0,358
0,233
0,232
0,430
0,231
0,411
0,230
0,410
0,229
0,375
0,228
0,393
0,227
0,346
0,226
0,435
0,225
0,347
0,224
0,388
0,223
0,434
0,222
0,436
0,221
0,314
0,220
0,363
0,219
0,345
0,218
0,405
0,217
0,419
0,216
0,334
0,215
0,412
0,214
0,330
0,213
0,442
0,212
0,428
0,211
0,392
0,210
0,426
0,209
0,341
0,208
0,398
0,207
0,425
0,206
0,333
0,205
0,424
0,204
0,331
0,203
0,427
0,202
0,359
0,201
0,313
0,200
0,309
0,199
0,354
0,198
0,389
0,197
0,369
0,196
0,413
0,195
0,420
0,194
0,418
0,193
0,301
0,192
0,382
0,63
0,381
0,62
0,397
0,61
0,342
0,60
0,402
0,59
0,401
0,58
0,338
0,57
0,400
0,56
0,437
0,55
0,370
0,54
0,327
0,53
0,315
0,52
